10	10	100             	6.5825238000290919870849393	0.0000121593475341796875000
100	10	1000            	6.6549821883444018055797642	0.0000259876251220703125000
100	100	10000           	6.7704023434213898013922517	0.0000789165496826171875000
100	1000	100000          	6.7710726802870713214588250	0.0003268718719482421875000
1000	1000	1000000         	6.7201275397155297852691547	0.0019659996032714843750000
10000	1000	10000000        	6.6690315681112108947559136	0.0167670249938964843750000
10000	10000	100000000       	6.6690381704588457267846024	0.1894538402557373046875000
10000	100000	1000000000      	6.6690382364811231497014887	1.0745589733123779296875000
100000	100000	10000000000     	6.6648825065517423027472432	10.7340269088745117187500000
1000000	100000	100000000000    	6.6643908967256484388030913	106.9028549194335937500000000
1000000	1000000	1000000000000   	6.6643908973177268251220084	1067.7961900234222412109375000
